0 0.49278846153846156 0.6237980769230769 0.019230769230769232 0.014423076923076924
0 0.5252403846153846 0.5793269230769231 0.03485576923076923 0.02283653846153846
0 0.5516826923076923 0.5625 0.03245192307692308 0.021634615384615384
0 0.43990384615384615 0.5492788461538461 0.015625 0.01201923076923077
0 0.6935096153846154 0.5432692307692307 0.016826923076923076 0.018028846153846152
0 0.7800480769230769 0.5252403846153846 0.04326923076923077 0.03125
0 0.6935096153846154 0.5240384615384616 0.037259615384615384 0.02283653846153846
0 0.7956730769230769 0.5024038461538461 0.036057692307692304 0.025240384615384616
0 0.7908653846153846 0.3858173076923077 0.036057692307692304 0.027644230769230768
0 0.10216346153846154 0.3858173076923077 0.04326923076923077 0.03245192307692308
0 0.9375 0.2704326923076923 0.018028846153846152 0.015625