0 0.5396634615384616 0.5661057692307693 0.039663461538461536 0.03365384615384615
0 0.6454326923076923 0.5576923076923077 0.051682692307692304 0.040865384615384616
0 0.1201923076923077 0.5420673076923077 0.03365384615384615 0.02403846153846154
0 0.31490384615384615 0.5252403846153846 0.040865384615384616 0.030048076923076924
0 0.7872596153846154 0.4855769230769231 0.04447115384615385 0.037259615384615384
0 0.7079326923076923 0.41466346153846156 0.046875 0.03125
0 0.7007211538461539 0.33533653846153844 0.05048076923076923 0.03485576923076923
0 0.5673076923076923 0.3137019230769231 0.04807692307692308 0.03365384615384615
0 0.5649038461538461 0.24519230769230768 0.046875 0.037259615384615384
0 0.17668269230769232 0.20673076923076922 0.04326923076923077 0.036057692307692304
0 0.5336538461538461 0.14302884615384615 0.05889423076923077 0.04326923076923077