0 0.5396634615384616 0.4338942307692308 0.039663461538461536 0.03365384615384615
0 0.6454326923076923 0.4423076923076923 0.051682692307692304 0.040865384615384616
0 0.1201923076923077 0.4579326923076923 0.03365384615384615 0.02403846153846154
0 0.31490384615384615 0.47475961538461536 0.040865384615384616 0.030048076923076924
0 0.7872596153846154 0.5144230769230769 0.04447115384615385 0.037259615384615384
0 0.7079326923076923 0.5853365384615384 0.046875 0.03125
0 0.7007211538461539 0.6646634615384616 0.05048076923076923 0.03485576923076923
0 0.5673076923076923 0.6862980769230769 0.04807692307692308 0.03365384615384615
0 0.5649038461538461 0.7548076923076923 0.046875 0.037259615384615384
0 0.17668269230769232 0.7932692307692307 0.04326923076923077 0.036057692307692304
0 0.5336538461538461 0.8569711538461539 0.05889423076923077 0.04326923076923077