0 0.4230769230769231 0.5769230769230769 0.04807692307692308 0.030048076923076924
0 0.6947115384615384 0.515625 0.04567307692307692 0.036057692307692304
0 0.4495192307692308 0.4651442307692308 0.039663461538461536 0.028846153846153848
0 0.47596153846153844 0.3473557692307692 0.03125 0.028846153846153848
0 0.6947115384615384 0.3449519230769231 0.046875 0.028846153846153848
0 0.8882211538461539 0.3245192307692308 0.046875 0.03245192307692308
0 0.6802884615384616 0.2956730769230769 0.042067307692307696 0.03125
0 0.24759615384615385 0.25961538461538464 0.05048076923076923 0.038461538461538464
0 0.9759615384615384 0.20673076923076922 0.04326923076923077 0.04326923076923077
0 0.7680288461538461 0.20192307692307693 0.05889423076923077 0.05048076923076923
0 0.23798076923076922 0.15745192307692307 0.04567307692307692 0.038461538461538464