0 0.46033653846153844 0.5661057692307693 0.039663461538461536 0.03365384615384615
0 0.3545673076923077 0.5576923076923077 0.051682692307692304 0.040865384615384616
0 0.8798076923076923 0.5420673076923077 0.03365384615384615 0.02403846153846154
0 0.6850961538461539 0.5252403846153846 0.040865384615384616 0.030048076923076924
0 0.2127403846153846 0.4855769230769231 0.04447115384615385 0.037259615384615384
0 0.2920673076923077 0.41466346153846156 0.046875 0.03125
0 0.29927884615384615 0.33533653846153844 0.05048076923076923 0.03485576923076923
0 0.4326923076923077 0.3137019230769231 0.04807692307692308 0.03365384615384615
0 0.43509615384615385 0.24519230769230768 0.046875 0.037259615384615384
0 0.8233173076923077 0.20673076923076922 0.04326923076923077 0.036057692307692304
0 0.46634615384615385 0.14302884615384615 0.05889423076923077 0.04326923076923077