0 0.4230769230769231 0.4230769230769231 0.04807692307692308 0.030048076923076924
0 0.6947115384615384 0.484375 0.04567307692307692 0.036057692307692304
0 0.4495192307692308 0.5348557692307693 0.039663461538461536 0.028846153846153848
0 0.47596153846153844 0.6526442307692307 0.03125 0.028846153846153848
0 0.6947115384615384 0.6550480769230769 0.046875 0.028846153846153848
0 0.8882211538461539 0.6754807692307693 0.046875 0.03245192307692308
0 0.6802884615384616 0.7043269230769231 0.042067307692307696 0.03125
0 0.24759615384615385 0.7403846153846154 0.05048076923076923 0.038461538461538464
0 0.9759615384615384 0.7932692307692307 0.04326923076923077 0.04326923076923077
0 0.7680288461538461 0.7980769230769231 0.05889423076923077 0.05048076923076923
0 0.23798076923076922 0.8425480769230769 0.04567307692307692 0.038461538461538464